00000000000000000000000000000000
00000000000000000000000000000000
00000000000000000000000000000000
00000000000000000000000000000000
00000000000000000000000000000000
00000000000000000000000000000000
00000000000001000010000000000000
00000000000110111101100000000000
00000000000001000010000000000000
00000000000000000000000000000000
00000011000000000000000011000000
00000001000000000000000010000000
00000001010000000000001010000000
00000000110000000000001100000000
00000000000001000010000000000000
00000000000110111101100000000000
00000000000001000010000000000000
00000000110000000000001100000000
00000001010000000000001010000000
00000001000000000000000010000000
00000011000000000000000011000000
00000000000000000000000000000000
00000000000000000000000000000000
00000000000000000000000000000000
00000000000000000000000000000000
00000000000000000000000000000000
00000000000000000000000000000000